loss: 0.08710798621177673
loss_w: -0.008109316229820251
mae: 0.511951208114624
mae_w: 0.5207592248916626
mse: 0.44366276264190674
mse_w: 0.4733416736125946
