loss: -0.04754101292572533
loss_w: -0.04754101292572533
mae: 0.5292148809339156
mae_w: 0.5292148809339156
mse: 0.5028865317880735
mse_w: 0.5028865317880735
