loss: 0.08810676634311676
loss_w: -0.021372271701693535
mae: 0.5118166208267212
mae_w: 0.5192062258720398
mse: 0.44389086961746216
mse_w: 0.472516268491745
