loss: 0.05091386288404465
loss_w: -0.09719493985176086
mae: 0.505226731300354
mae_w: 0.5067384839057922
mse: 0.4355427622795105
mse_w: 0.4610624611377716
