loss: -0.09178040224071887
loss_w: -0.09178040224071887
mae: 0.5193937052342893
mae_w: 0.5193937052342893
mse: 0.4894681442913862
mse_w: 0.4894681442913862
