loss: -1.0097886323928833
loss_w: -1.2132179737091064
mae: 0.31520259380340576
mae_w: 0.30006590485572815
mse: 0.21650125086307526
mse_w: 0.20099569857120514
