loss: 0.007352853866985752
loss_w: 0.007352853866985752
mae: 0.5290051724880491
mae_w: 0.5290051724880491
mse: 0.5060433652576493
mse_w: 0.5060433652576493
