loss: 0.389291912317276
loss_w: 0.4260329604148865
mae: 0.5822225213050842
mae_w: 0.6549648642539978
mse: 0.5826267004013062
mse_w: 0.7558178901672363
