loss: -0.04739018222208956
loss_w: -0.04739018222208956
mae: 0.5307574534501126
mae_w: 0.5307574534501126
mse: 0.5088221106832408
mse_w: 0.5088221106832408
