loss: -0.03440904007761292
loss_w: -0.03440904007761292
mae: 0.5319408179154731
mae_w: 0.5319408179154731
mse: 0.5104094750441359
mse_w: 0.5104094750441359
