loss: -0.09171166800133262
loss_w: -0.09171166800133262
mae: 0.5194833765501893
mae_w: 0.5194833765501893
mse: 0.4898951249185588
mse_w: 0.4898951249185588
