loss: 0.1434381263615996
loss_w: 0.1434381263615996
mae: 0.5799108403585032
mae_w: 0.5799108403585032
mse: 0.5970980010846315
mse_w: 0.5970980010846315
