loss: -0.05136677084013544
loss_w: -0.05136677084013544
mae: 0.5313351408360587
mae_w: 0.5313351408360587
mse: 0.5090755286380962
mse_w: 0.5090755286380962
