loss: -0.6932039981632719
loss_w: -0.6932039981632719
mae: 0.3841928364489867
mae_w: 0.3841928364489867
mse: 0.2631991925776526
mse_w: 0.2631991925776526
