Means: [ 14.25316816 -32.1992943    2.04138302   0.26690776  13.78430258] 
Stds: [119.77124327 290.90733428  39.30343727  38.7930652  151.72174203] 
float64
